912
641
752
36947
316
34848
480
726
546
6078
22192
30227
1008
91843
1461
33587
1881
325089
49571
1471
1023
4067
67
157
18447
124
12657
4277
3294
60938
3834
161626
194269
12620
41232
3417
47789
79416
256
65250
7489
662
1031
127979
12502
1
271
21009
479
37720
2357
215943
47045
7069
511
5416
9518
150788
37846
323
29905
2072
813
476956
3542
410949
4912
22120
255
1232
1112
394453
2361
11771
440704
59292
1605
1993
3708
2183
14619
26414
532
428139
25297
122445
255
84173
4964
34606
80962
6542
511
4323
5615
54439
94809
17261
455551
72431
